Cpptraj Generated trajectory                                                    
  29.850  39.670  36.880  29.580  39.490  35.370  28.250  38.760  35.080  30.890
  40.030  36.910  29.900  38.730  37.440  29.190  40.400  37.350  30.430  38.950
  34.940  29.530  40.430  34.810  28.120  37.790  35.570  28.230  38.660  33.990
  27.380  39.340  35.400
  30.044  39.010  36.323  29.357  39.166  34.931  27.954  38.584  34.812  31.037
  39.454  36.362  30.087  37.961  36.659  29.387  39.568  36.999  29.934  38.548
  34.235  29.314  40.235  34.715  27.887  37.526  35.088  27.715  38.530  33.742
  27.136  39.072  35.348
  29.192  39.053  36.720  29.555  39.154  35.219  28.498  38.438  34.375  29.600
  39.854  37.353  29.620  38.152  37.169  28.102  39.127  36.868  30.489  38.611
  35.046  29.668  40.210  34.959  28.465  37.360  34.525  28.703  38.756  33.342
  27.492  38.832  34.550
  29.308  39.514  36.475  29.247  39.493  34.935  28.063  38.691  34.377  30.031
  40.247  36.874  29.474  38.499  36.858  28.330  39.873  36.801  30.144  39.024
  34.520  29.280  40.497  34.471  28.489  37.691  34.560  27.943  38.857  33.304
  27.124  38.892  34.915
  28.487  39.353  36.304  28.863  39.789  34.865  28.151  38.929  33.871  28.866
  40.082  37.031  28.961  38.393  36.516  27.387  39.372  36.389  29.962  39.721
  34.800  28.559  40.819  34.661  27.073  39.088  33.925  28.455  37.889  34.005
  28.410  39.393  32.913
  30.042  38.911  36.503  28.772  39.436  35.846  28.302  38.515  34.743  30.287
  39.590  37.331  30.897  39.011  35.824  29.883  37.877  36.848  28.968  40.376
  35.321  28.009  39.486  36.642  27.202  38.578  34.732  28.572  37.475  34.975
  28.738  38.867  33.804
  30.332  39.510  35.346  28.828  39.138  35.384  28.120  39.374  34.055  30.521
  40.543  35.026  30.809  38.862  34.603  30.886  39.260  36.246  28.401  39.846
  36.105  28.609  38.127  35.763  27.042  39.468  34.192  28.255  38.530  33.358
  28.377  40.302  33.537
  29.417  39.576  36.504  28.167  39.293  35.721  28.048  40.424  34.592  29.231
  40.263  37.344  30.307  39.989  36.009  29.773  38.661  36.998  27.333  39.193
  36.431  28.284  38.352  35.187  27.199  40.140  33.964  28.942  40.404  33.963
  27.831  41.365  35.107
  29.588  39.367  36.460  28.785  38.836  35.273  27.954  39.820  34.336  29.877
  38.533  37.098  28.997  40.010  37.116  30.499  39.907  36.175  28.100  38.004
  35.469  29.546  38.333  34.653  27.384  39.254  33.598  28.645  40.519  33.852
  27.152  40.382  34.825
  29.396  39.862  36.250  28.450  39.058  35.330  27.651  40.012  34.393  30.113
  39.141  36.654  28.778  40.429  36.947  29.919  40.618  35.644  27.831  38.464
  36.005  28.928  38.353  34.636  26.990  39.497  33.687  28.412  40.546  33.808
  27.104  40.795  34.937
